.PCsCADSymbol 'Simens logo PLS Symbol.SYM' 0 0 27500 10000 16 '05-09-2019 13:35:24' 12 V20.0
.Title 'Simens LOGO' 1030
.Name -A -2500 0 0 0 0 40 0 2 0 0 0 0 0 0 0 0 0 0 0 0
.Typ "" -33750 -7750 0 0 16711680 18 12 8 0 0 0 0 0 0 0 0 0 0 0 0
.Art "" -33750 -11000 0 0 16711680 18 12 8 0 128 0 0 0 0 0 0 0 0 0 0
.Func "" -33750 -4500 0 0 16711680 18 12 8 0 128 0 0 0 0 0 0 0 0 0 0
.SymbRef 0 1 "" 0 0 0
.SingleRef "" -33750 -1250 0 0 16711680 18 12 8 0 0 0 0 0 0 0 0 0 0 0 0
.polyline 0 0 0 0 0 16711680 0 250 0 0 0 0 0 0 0 0 20
.Point 0 -27500 -10000 0 0
.Point 0 27500 -10000 0 0
.Point 0 27500 10000 0 0
.Point 0 -27500 10000 0 0
.Point 0 -27500 -10000 0 0
.end
.polyline 0 0 0 0 0 0 0 250 0 0 0 0 0 0 0 0 20
.Point 0 -17500 -10000 0 0
.Point 0 -17500 -5000 0 0
.end
.polyline 0 0 0 0 0 0 0 250 0 0 0 0 0 0 0 0 20
.Point 0 -12500 -10000 0 0
.Point 0 -12500 -5000 0 0
.end
.polyline 0 0 0 0 0 0 0 250 0 0 0 0 0 0 0 0 20
.Point 0 -7500 -10000 0 0
.Point 0 -7500 -5000 0 0
.end
.polyline 0 0 0 0 0 0 0 250 0 0 0 0 0 0 0 0 20
.Point 0 -2500 -10000 0 0
.Point 0 -2500 -5000 0 0
.end
.polyline 0 0 0 0 0 0 0 250 0 0 0 0 0 0 0 0 20
.Point 0 2500 -10000 0 0
.Point 0 2500 -5000 0 0
.end
.polyline 0 0 0 0 0 0 0 250 0 0 0 0 0 0 0 0 20
.Point 0 7500 -10000 0 0
.Point 0 7500 -5000 0 0
.end
.polyline 0 0 0 0 0 0 0 250 0 0 0 0 0 0 0 0 20
.Point 0 12500 -10000 0 0
.Point 0 12500 -5000 0 0
.end
.polyline 0 0 0 0 0 0 0 250 0 0 0 0 0 0 0 0 20
.Point 0 17500 -10000 0 0
.Point 0 17500 -5000 0 0
.end
.polyline 0 0 0 0 0 0 0 250 0 0 0 0 0 0 0 0 20
.Point 0 -17500 -5000 0 0
.Point 0 -16000 -5000 0 0
.Point 0 -14750 -3750 0 0
.end
.polyline 0 0 0 0 0 0 0 250 0 0 0 0 0 0 0 0 20
.Point 0 -12500 -5000 0 0
.Point 0 -14500 -5000 0 0
.end
.polyline 0 0 0 0 0 0 0 250 0 0 0 0 0 0 0 0 20
.Point 0 -7500 -5000 0 0
.Point 0 -6000 -5000 0 0
.Point 0 -4750 -3750 0 0
.end
.polyline 0 0 0 0 0 0 0 250 0 0 0 0 0 0 0 0 20
.Point 0 -2500 -5000 0 0
.Point 0 -4500 -5000 0 0
.end
.polyline 0 0 0 0 0 0 0 250 0 0 0 0 0 0 0 0 20
.Point 0 2500 -5000 0 0
.Point 0 4000 -5000 0 0
.Point 0 5250 -3750 0 0
.end
.polyline 0 0 0 0 0 0 0 250 0 0 0 0 0 0 0 0 20
.Point 0 7500 -5000 0 0
.Point 0 5500 -5000 0 0
.end
.polyline 0 0 0 0 0 0 0 250 0 0 0 0 0 0 0 0 20
.Point 0 12500 -5000 0 0
.Point 0 14000 -5000 0 0
.Point 0 15250 -3750 0 0
.end
.polyline 0 0 0 0 0 0 0 250 0 0 0 0 0 0 0 0 20
.Point 0 17500 -5000 0 0
.Point 0 15500 -5000 0 0
.end
.con 1 -27500 0 0 0 0 0 "" 0 0 0
.PinName GND -28250 750 0 0 16711680 18 12 2 0 0 0 0 0 0 0 0 0 0 0 0
.PinFunc "" -24750 0 0 0 16711680 18 12 1 900 0 0 0 0 0 0 0 0 0 0 0
.PinLab "" -27500 0 0 0 16711680 18 12 2 0 0 0 0 0 0 0 0 0 0 0 0
.PinDes "" -27500 0 0 0 16711680 18 12 2 0 0 0 0 0 0 0 0 0 0 0 0
.con 1 -12500 10000 0 0 0 0 "" 0 0 0
.PinName I1 -13250 10750 0 0 16711680 18 12 0 900 0 0 0 0 0 0 0 0 0 0 0
.PinFunc "" -12500 7250 0 0 16711680 18 12 1 0 0 0 0 0 0 0 0 0 0 0 0
.PinLab "" -12500 10000 0 0 16711680 18 12 0 0 0 0 0 0 0 0 0 0 0 0 0
.PinDes "" -12500 10000 0 0 16711680 18 12 0 0 0 0 0 0 0 0 0 0 0 0 0
.con 1 -7500 10000 0 0 0 0 "" 0 0 0
.PinName I2 -8250 10750 0 0 16711680 18 12 0 900 0 0 0 0 0 0 0 0 0 0 0
.PinFunc "" -7500 7250 0 0 16711680 18 12 1 0 0 0 0 0 0 0 0 0 0 0 0
.PinLab "" -7500 10000 0 0 16711680 18 12 0 0 0 0 0 0 0 0 0 0 0 0 0
.PinDes "" -7500 10000 0 0 16711680 18 12 0 0 0 0 0 0 0 0 0 0 0 0 0
.con 1 -2500 10000 0 0 0 0 "" 0 0 0
.PinName I3 -3250 10750 0 0 16711680 18 12 0 900 0 0 0 0 0 0 0 0 0 0 0
.PinFunc "" -2500 7250 0 0 16711680 18 12 1 0 0 0 0 0 0 0 0 0 0 0 0
.PinLab "" -2500 10000 0 0 16711680 18 12 0 0 0 0 0 0 0 0 0 0 0 0 0
.PinDes "" -2500 10000 0 0 16711680 18 12 0 0 0 0 0 0 0 0 0 0 0 0 0
.con 1 2500 10000 0 0 0 0 "" 0 0 0
.PinName I4 1750 10750 0 0 16711680 18 12 0 900 0 0 0 0 0 0 0 0 0 0 0
.PinFunc "" 2500 7250 0 0 16711680 18 12 1 0 0 0 0 0 0 0 0 0 0 0 0
.PinLab "" 2500 10000 0 0 16711680 18 12 0 0 0 0 0 0 0 0 0 0 0 0 0
.PinDes "" 2500 10000 0 0 16711680 18 12 0 0 0 0 0 0 0 0 0 0 0 0 0
.con 1 7500 10000 0 0 0 0 "" 0 0 0
.PinName I5 6750 10750 0 0 16711680 18 12 0 900 0 0 0 0 0 0 0 0 0 0 0
.PinFunc "" 7500 7250 0 0 16711680 18 12 1 0 0 0 0 0 0 0 0 0 0 0 0
.PinLab "" 7500 10000 0 0 16711680 18 12 0 0 0 0 0 0 0 0 0 0 0 0 0
.PinDes "" 7500 10000 0 0 16711680 18 12 0 0 0 0 0 0 0 0 0 0 0 0 0
.con 1 12500 10000 0 0 0 0 "" 0 0 0
.PinName I6 11750 10750 0 0 16711680 18 12 0 900 0 0 0 0 0 0 0 0 0 0 0
.PinFunc "" 12500 7250 0 0 16711680 18 12 1 0 0 0 0 0 0 0 0 0 0 0 0
.PinLab "" 12500 10000 0 0 16711680 18 12 0 0 0 0 0 0 0 0 0 0 0 0 0
.PinDes "" 12500 10000 0 0 16711680 18 12 0 0 0 0 0 0 0 0 0 0 0 0 0
.con 1 17500 10000 0 0 0 0 "" 0 0 0
.PinName I7 16750 10750 0 0 16711680 18 12 0 900 0 0 0 0 0 0 0 0 0 0 0
.PinFunc "" 17500 7250 0 0 16711680 18 12 1 0 0 0 0 0 0 0 0 0 0 0 0
.PinLab "" 17500 10000 0 0 16711680 18 12 0 0 0 0 0 0 0 0 0 0 0 0 0
.PinDes "" 17500 10000 0 0 16711680 18 12 0 0 0 0 0 0 0 0 0 0 0 0 0
.con 1 22500 10000 0 0 0 0 "" 0 0 0
.PinName I8 21750 10750 0 0 16711680 18 12 0 900 0 0 0 0 0 0 0 0 0 0 0
.PinFunc "" 22500 7250 0 0 16711680 18 12 1 0 0 0 0 0 0 0 0 0 0 0 0
.PinLab "" 22500 10000 0 0 16711680 18 12 0 0 0 0 0 0 0 0 0 0 0 0 0
.PinDes "" 22500 10000 0 0 16711680 18 12 0 0 0 0 0 0 0 0 0 0 0 0 0
.con 1 -22500 10000 0 0 0 0 "" 0 0 0
.PinName L+ -23250 10750 0 0 16711680 18 12 0 900 0 0 0 0 0 0 0 0 0 0 0
.PinFunc "" -22500 7250 0 0 16711680 18 12 1 0 0 0 0 0 0 0 0 0 0 0 0
.PinLab "" -22500 10000 0 0 16711680 18 12 0 0 0 0 0 0 0 0 0 0 0 0 0
.PinDes "" -22500 10000 0 0 16711680 18 12 0 0 0 0 0 0 0 0 0 0 0 0 0
.con 1 -17500 10000 0 0 0 0 "" 0 0 0
.PinName M -18250 10750 0 0 16711680 18 12 0 900 0 0 0 0 0 0 0 0 0 0 0
.PinFunc "" -17500 7250 0 0 16711680 18 12 1 0 0 0 0 0 0 0 0 0 0 0 0
.PinLab "" -17500 10000 0 0 16711680 18 12 0 0 0 0 0 0 0 0 0 0 0 0 0
.PinDes "" -17500 10000 0 0 16711680 18 12 0 0 0 0 0 0 0 0 0 0 0 0 0
.con 1 -17500 -10000 0 0 0 0 "" 0 0 0
.PinName Q1-1 -18250 -10750 0 0 16711680 18 12 2 900 0 0 0 0 0 0 0 0 0 0 0
.PinFunc "" -17500 -7250 0 0 16711680 18 12 7 0 0 0 0 0 0 0 0 0 0 0 0
.PinLab "" -17500 -10000 0 0 16711680 18 12 6 0 0 0 0 0 0 0 0 0 0 0 0
.PinDes "" -17500 -10000 0 0 16711680 18 12 6 0 0 0 0 0 0 0 0 0 0 0 0
.con 1 -12500 -10000 0 0 0 0 "" 0 0 0
.PinName Q1-2 -13250 -10750 0 0 16711680 18 12 2 900 0 0 0 0 0 0 0 0 0 0 0
.PinFunc "" -12500 -7250 0 0 16711680 18 12 7 0 0 0 0 0 0 0 0 0 0 0 0
.PinLab "" -12500 -10000 0 0 16711680 18 12 6 0 0 0 0 0 0 0 0 0 0 0 0
.PinDes "" -12500 -10000 0 0 16711680 18 12 6 0 0 0 0 0 0 0 0 0 0 0 0
.con 1 -7500 -10000 0 0 0 0 "" 0 0 0
.PinName Q2-1 -8250 -10750 0 0 16711680 18 12 2 900 0 0 0 0 0 0 0 0 0 0 0
.PinFunc "" -7500 -7250 0 0 16711680 18 12 7 0 0 0 0 0 0 0 0 0 0 0 0
.PinLab "" -7500 -10000 0 0 16711680 18 12 6 0 0 0 0 0 0 0 0 0 0 0 0
.PinDes "" -7500 -10000 0 0 16711680 18 12 6 0 0 0 0 0 0 0 0 0 0 0 0
.con 1 -2500 -10000 0 0 0 0 "" 0 0 0
.PinName Q2-2 -3250 -10750 0 0 16711680 18 12 2 900 0 0 0 0 0 0 0 0 0 0 0
.PinFunc "" -2500 -7250 0 0 16711680 18 12 7 0 0 0 0 0 0 0 0 0 0 0 0
.PinLab "" -2500 -10000 0 0 16711680 18 12 6 0 0 0 0 0 0 0 0 0 0 0 0
.PinDes "" -2500 -10000 0 0 16711680 18 12 6 0 0 0 0 0 0 0 0 0 0 0 0
.con 1 2500 -10000 0 0 0 0 "" 0 0 0
.PinName Q3-1 1750 -10750 0 0 16711680 18 12 2 900 0 0 0 0 0 0 0 0 0 0 0
.PinFunc "" 2500 -7250 0 0 16711680 18 12 7 0 0 0 0 0 0 0 0 0 0 0 0
.PinLab "" 2500 -10000 0 0 16711680 18 12 6 0 0 0 0 0 0 0 0 0 0 0 0
.PinDes "" 2500 -10000 0 0 16711680 18 12 6 0 0 0 0 0 0 0 0 0 0 0 0
.con 1 7500 -10000 0 0 0 0 "" 0 0 0
.PinName Q3-2 6750 -10750 0 0 16711680 18 12 2 900 0 0 0 0 0 0 0 0 0 0 0
.PinFunc "" 7500 -7250 0 0 16711680 18 12 7 0 0 0 0 0 0 0 0 0 0 0 0
.PinLab "" 7500 -10000 0 0 16711680 18 12 6 0 0 0 0 0 0 0 0 0 0 0 0
.PinDes "" 7500 -10000 0 0 16711680 18 12 6 0 0 0 0 0 0 0 0 0 0 0 0
.con 1 12500 -10000 0 0 0 0 "" 0 0 0
.PinName Q4-1 11750 -10750 0 0 16711680 18 12 2 900 0 0 0 0 0 0 0 0 0 0 0
.PinFunc "" 12500 -7250 0 0 16711680 18 12 7 0 0 0 0 0 0 0 0 0 0 0 0
.PinLab "" 12500 -10000 0 0 16711680 18 12 6 0 0 0 0 0 0 0 0 0 0 0 0
.PinDes "" 12500 -10000 0 0 16711680 18 12 6 0 0 0 0 0 0 0 0 0 0 0 0
.con 1 17500 -10000 0 0 0 0 "" 0 0 0
.PinName Q4-2 16750 -10750 0 0 16711680 18 12 2 900 0 0 0 0 0 0 0 0 0 0 0
.PinFunc "" 17500 -7250 0 0 16711680 18 12 7 0 0 0 0 0 0 0 0 0 0 0 0
.PinLab "" 17500 -10000 0 0 16711680 18 12 6 0 0 0 0 0 0 0 0 0 0 0 0
.PinDes "" 17500 -10000 0 0 16711680 18 12 6 0 0 0 0 0 0 0 0 0 0 0 0
.con 1 27500 5000 0 0 0 0 "" 0 0 0
.PinName 'X1 P1 IE(LAN)' 28250 5750 0 0 16711680 18 12 0 0 0 0 0 0 0 0 0 0 0 0 0
.PinFunc "" 24750 5000 0 0 16711680 18 12 7 900 0 0 0 0 0 0 0 0 0 0 0
.PinLab "" 27500 5000 0 0 16711680 18 12 0 0 0 0 0 0 0 0 0 0 0 0 0
.PinDes "" 27500 5000 0 0 16711680 18 12 0 0 0 0 0 0 0 0 0 0 0 0 0
.end

